1351709935424442370
1352085959723134978
1352328313122017284
1352338076580900865
1352340374833000453
1352342438619308035
1352374924875325443
1352402651590369284
1352712914013212677
1352746180262899713
1352781470855794688
1353809318550921216
1353818870671400962
1353846544257208320
1353852557555326982
1354084045957816321
1354090219943899138
1354114352647974913
1354126620672610305
1354136558455152646
1354145423313797121
1354155841792987137
1354176740508258311
1354192017878822917
1354254418103984133
1354282256316194817
1354429807300374531
1354478318482022402
1354499454125158401
1354567300339408899
1354581800480362497
1354588864283815938
1354800385530208260
1354810497846005764
1354829572731252737
1354847984832425991
1354872961468129293
1354908525181415434
1354924899782045699
1354942006695497730
1354949167639048193
1354972414376083457
1354983100728696834
1355159120396111872
1355174511927304192
1355185189425655808
1355193000952012804
1355229637668962309
1355248252510220290
1355259028813844490
1355276532525240323
1355286239868542977
1355294411257733120
1355300965591748608
1355306316630274048
1355535866836430856
1355559663283138568
1355572415741505545
1355597691561127936
1355618128567402510
1355651345425051648
1355682893675245568
1356234126416867329
1356265739670401024
1356303803314810882
1356314632412135424
1356343786520064003
1356356620280856581
1356385729056792578
1356623284616462338
1356647675500896263
1356660767257481218
1356679273784999938
1356697395162206208
1356709597948608522
1356723176328351744
1357001698888286209
1357037333640581120
1357067178445520897
1357349964985339906
1357364325606977541
1357478437104082944
1357698300246392832
1357729299747504129
1357749138809638912
1357759938362298372
1357771203558203392
1358098935382999043
1358131836296257537
1358855302960054272
1358898010818826252
1358961801770258448
1359198790629089285
1359199260605095940
1359312759423434757
1359336716398657543
1359504901110452227
1359513291589091330
1359519975321571329
1359527711664984067
1359529715883737089
1359538914197962759
1359631736385245185
1359634894150901763
1359637895489986560
1359887823252426757
1359896470724444161
1360016541702619136
1360068617992359936
1360085776562860034
1360241199039328260
1360251221467140097
1360258278668795906
1360266357636530181
1360372541492244482
1360385982336499713
1360645867695460353
1360698898206101507
1360730273034379264
1360736969534418950
1360773776607244289
1360989448800985093
1360998373130706944
1360998472749625345
1361104974646812673
1361122817446727681
1361680659165696001
1361711993930014720
1361726109503680515
1361820396350300160
1362075210514636801
1362091375081193473
1362125661339607042
1362190104710811652
1362194819410518022
1362600457340936193
1362816787520323587
1362882903093481473
1363143015129374725
1363335355609530368
1363577069205078019
1363635383091793920
1363914915162042368
1363966692393648131
1364237261257252864
1364329652991500298
1364334628274921487
1364612686013739010
1364624246576717828
1364649809618100227
1364659713359675393
1364695104796114949
1364704111082545152
1364728990389403649
1364959500097232915
1365037246089474052
1365047352575332354
1365058168838107136
1365084350975508482
1365311513020559360
1365369520613953536
1365397741044654086
1365431461696974851
1365441007601545221
1366423864423706624
1366473875257704457
1366487489532280835
1366542883025805319
1366599138083766284
1366771216770609155
1366787003807842304
1366795827210027010
1366796609045090306
1366815627218980867
1366823117910405123
1366833183891877896
1366840954045530121
1367131863400271877
1367177452334718981
1367180356911308802
1367205272230502400
1367214770789744642
1367229785852805121
1367235150573154309
1367480173344550914
1367511320506077184
1367516233185316869
1367524413516742656
1367541329824260098
1367558013343645697
1367568862703714310
1367577006590877698
1367580549884370950
1367588942036357136
1367589026186727429
1367589146596831233
1367589365627510794
1367589475740618753
1367589567256096771
1367597797340512256
1367611036375916549
1367612457074778125
1367845907715272704
1367866938131701761
1367885318700023811
1367901056303259668
1367957644632276993
1367975333509664773
1367989084703121411
1368220972227178496
1368224980048183297
1368251734783627267
1368334651153129472
1368344110948638723
1368358764710158336
1368373515032948739
1368381092395356161
1368402609078419457
1368655611097997313
1368937632902832128
1368942775941627906
1368992862633947136
1369006421325537289
1369045020792270855
1369071711208022016
1369095483403173889
1369099846704128003
1369319740917882888
1369339935594053642
1369343840918863883
1369352455893483522
1369364386222120967
1369390139462594562
1369405861253251072
1369425353979142148
1369461503439605762
1369468322430021639
1369665826454962178
1369671595795611653
1369686621935796235
1369699765743652865
1369713999160426498
1369746508208300040
1369765773464530947
1369777577833996289
1369783555845455878
1369792232040054790
1369854786363854848
1370010674861064193
1370052486552289281
1370065508419133450
1370071893844328452
1370097526943195136
1370115490186682373
1370117058353102856
1370162625309458434
1370388670801440774
1370408699051839490
1370423285792530435
1370443221671763968
1370456833098416128
1370468019177189384
1370477980615593989
1370497554220249096
1370801012844470272
1371145348270358529
1371197692727062537
1371210273336479747
1371268058807947264
1371447161175617537
1371467294925320195
1371489735437336584
1371505875941216256
1371523222378844160
1371544625643655174
1371575078769496066
1371612179582099456
1371627594018340866
1371829905491685381
1371849252264103943
1371879938110980109
1371900976592998400
1371923412889825286
1371951791869472770
1371964527676379144
1371964530666901505
1371964531547721730
1371964529828098048
1371964529001762818
1371990416401268736
1372148221619896320
1372176198063767559
1372214495188238336
1372234755874381826
1372246936112226304
1372253385005662210
1372262910714601476
1372267893816242190
1372300657785516037
1372312803386724353
1372334073457311746
1372359598892490757
1372369916829999107
1372518153503260678
1372554520455217154
1372568721672265736
1372597707844550664
1372609746839175168
1372609868528549897
1372609869900087296
1372619177123577856
1372644910885650434
1372678289093955590
1372686760128438274
1372695562877767680
1372720556676673536
1372884450154061834
1372914749076291598
1372931335157919745
1372948184671125506
1372965849192136711
1372984335704416256
1372999942000812034
1373009758395961345
1373015855336939520
1373095029166723076
1373314399939796993
1373405021958766597
1373780707886108678
1373794051732860930
1374005555958845442
1374010998445707273
1374034112307212294
1374053295606599686
1374068164741500936
1374078876901605385
1374108578731208710
1374139062823571456
1374158131937304579
1374344125768728577
1374358854385995778
1374390863057457156
1374427473044107266
1374439097821917192
1374451908308467727
1374459710024249344
1374479467347804167
1374493686894002188
1374499753422061573
1374684555219722246
1374713215473573889
1374724332354727937
1374741453742690306
1374761946076086275
1374776997910605825
1374781847637528580
1374805828633567233
1374822080038977542
1374843969322897408
1374876527372947457
1374891280803631107
1375098036783882245
1375113044909551619
1375128639700885515
1375131219332100108
1375135154616737794
1375180525745360899
1375195787588743168
1375473353948024836
1375493506295271424
1375536948819980292
1375569060029677573
1375830602264543233
1375848973085388804
1375886068566876161
1375892140560121862
1375909238476800003
1375941699936079872
1376183295461965824
1376214434226577416
1376221277258661889
1376225361504174080
1376509580457476097
1376537767073681414
1376549697519808519
1376588715783430145
1376614838928085006
1376628832728444938
1376636499920367618
1376673825253904385
1376694412135268354
1376875695792648192
1376924339589820418
1376974688426004481
1376992052248989699
1377019806239498240
1377036667551293445
1377083190356103170
1377211144285327362
1377250617287139330
1377285111977279494
1377314749776457728
1377337503766679556
1377342433952993282
1377360048108752902
1377402718780801024
1377414165606899713
1377441837284216836
1377622284924510218
1377655723677659138
1377688736281075713
1377702088415838214
1377722270496530438
1377739939920670726
1377761688506798088
1377797739900207106
1377989338831667201
1378002632502050820
1378072187857408005
1378103775680983041
1378346800814297091
1378378006020849664
1379039043091099650
1379082274516447233
1379179676162273283
1379209636310568964
1379441906313277445
1379470293832495111
1379491871723024391
1379515752475201536
1379531254077530113
1379548846074834948
1379559924808740868
1379573052187537408
1379580072454201344
1379587834101764098
1379625780188168195
1379797358674853895
1379816711831097344
1379837246254239744
1379877387635146763
1379891877093212164
1379921971178303495
1379948877177061379
1380169145581514752
1380200085649305601
1380211869126918153
1380230096154398737
1380245646532304902
1380261901658161158
1380502957054132224
1380513445183897600
1380546056753139716
1380564383819042819
1380583223294623745
1380593765765746699
1380643149505310720
1380926844749352962
1380973285119254531
1381640222820208641
1381672035902980100
1381692219766280198
1381709711364489218
1381969305294798850
1382027487182487555
1382041809258483715
1382053683731574786
1382079151037878272
1382112960529727493
1382167563191390208
1382310987974447109
1382365449590034439
1382377497359171585
1382399251435687943
1382437616512069634
1382460331365175296
1382466872550027265
1382488171884261376
1382490101222023169
1382707221218406410
1382722898616590337
1382729177443487744
1382741760007417859
1382758117432233984
1382758836130488325
1382777353106030596
1382809860430049284
1382824541458681856
1382835608259858442
1382845948418785283
1382852325845430272
1383034555196706824
1383080316810768384
1383114684728012801
1383134393389228032
1383142897105702913
1383204365553573892
1383500239970082820
1383503706952331276
1383514754740748291
1383556118182387714
1383778071879163911
1384130937575727112
1384176835961835526
1384193995249647630
1384231643494240260
1384267664634171397
1384306504866557952
1384475879099838464
1384538799422812160
1384569954264129544
1384588247268052999
1384609256930955264
1384887901188726786
1384900988037832709
1384924488484143105
1384946097551036419
1384961451983609856
1384973199939706885
1384979685730398209
1385221691043876870
1385235112904822789
1385279507914018816
1385309267947835393
1385343905793822726
1385577068184940551
1385659230544449548
1385676059463532548
1385693711166705666
1385747173741051913
1385979514157735946
1386089665753649156
1386346934139510785
1386446385675837441
1386691480056651777
1386713300713582599
1386757605763211271
1386772359240093696
1386795893697961991
1386804268867506178
1387102366181335045
1387140329955016709
1387169616506523650
1387188661532377091
1387203117138288643
1387217501868617732
1387410072708554757
1387424598954762246
1387437951110504448
1387486336450535425
1387504491193421832
1387520727541338115
1387538365633863680
1387554723478183938
1387574662180360195
1387575529440780293
1387577209477554179
1387577587703103488
1387578754285854720
1387581093965144066
1387581419082424325
1387583129792176146
1387587314277302272
1387588304871231491
1387588669935063044
1387588947451187200
1387589752824729600
1387590725689294853
1387617917043462147
1387744083968409604
1387776629888401420
1387788014106128384
1387796386922569729
1387801536579911680
1387839733288538116
1387881271297204226
1387899124159287298
1387914579640979463
1387932833344282626
1388107667076431872
1388136344959033349
1388154616659992576
1388186003282800645
1388202941786599427
1388220391995367425
1388237286081454083
1388271203702427648
1388514754558373895
1389259180419203077
1389281195578515461
1389290734193455106
1389309660864389122
1389330883073695750
1389349311398518784
1389371106151305217
1389590868689047552
1389619014771646468
1389665197040836610
1389697029803290624
1389697409182277641
1389722204166836232
1389912763825197070
1389953552370577408
1389988891927715841
1390037952722575366
1390053412117622784
1390075964185628677
1390304674125864960
1390396235874504705
1390629848171884544
1390666118155677698
1390668734788931585
1390715521075716100
1390730165047767054
1390775524562292740
1390791011308351489
1391056806122856450
1391372500521689088
1391814216617693197
1391830045065420801
1391858142628229120
1391877752949780484
1391896505162903556
1392088121471291402
1392106171155243011
1392139702917124107
1392149167712219138
1392163134497038340
1392170908006166539
1392173205058691075
1392174090371407876
1392186559970127874
1392201280697872392
1392224227235860481
1392232645392846851
1392236362640859142
1392245492613062660
1392250666475737101
1392255699284017153
1392258216281600001
1392268283395596289
1392281897858961415
1392304300571901959
1392312859326095360
1392313586874208263
1392317355875786752
1392471399244120072
1392485473273225218
1392494832040431617
1392498549850460163
1392509878208548866
1392535377613922304
1392551397837598721
1392565426178101262
1392582730182021126
1392597954616307713
1392612657459572738
1392622411510595585
1392630481301262340
1392642274102816770
1392644042090033152
1392660872431013895
1392830828581986305
1392843564036599812
1392851466931560453
1392874086783668228
1392928705052299265
1392942436436127747
1392963963382546434
1392979564352114693
1392992727294427136
1393029100307197953
1393168786010910723
1393189778343010306
1393223859042672641
1393223860489687042
1393242460231503873
1393254978924449794
1393279353056866305
1393300685106683910
1393363433085603843
1393544221777399809
1393618997116129286
1393650456224837637
1393684192089804809
1393712292752023552
1393896825053122561
1393949829026521088
1394256414747631622
1394305980243103748
1394330725676113920
1394354890890153985
1394371755913924614
1394388877528424448
1394404036875522051
1394452786994192384
1394623806325592065
1394648274762706945
1394675599491444750
1394693009548136449
1394710240264953860
1394752627368513538
1394776470460014594
1394982923963600901
1395007866763988995
1395025232105246727
1395056181828259842
1395057010291380231
1395067006014066695
1395083741106737156
1395115951855656962
1395124057083944968
1395139990410125316
1395171540765921282
1395204677726257153
1395347925048385538
1395377128078708743
1395415232059789325
1395457363805622276
1395708727714533377
1395747026596470785
1395768526498107398
1395793622063321092
1395806800658804741
1395830628201943041
1396073197108334596
1396174742269440008
1396529687292153856
1396797680291098628
1396831126111522817
1396888280763969536
1396921725300916226
1396944000620417026
1396960988856033282
1396988860899409925
1397015403537256449
1397168068934111236
1397206882616582224
1397245516803608583
1397264092348489732
1397274456641478657
1397298930518347779
1397329514275946498
1397342950607269896
1397520195564933120
1397627113503694852
1397651809146134534
1397684906541649922
1397704555052384260
1397717466638397444
1397732171759108103
1397877131988848644
1397907282789339139
1397939588094640134
1397963058572677138
1398030076432863238
1398045097242079236
1398073743600238594
1398266184244543492
1398292057467277315
1398315056828387329
1398328181808054272
1398344570555961344
1398362331067920392
1398379281521184771
1398397810718953477
1398635905276129288
1398695633452736516
1398746694217605126
1399000948878594050
1399119870910939143
1399317356384489479
1399365055288799233
1399727166699491335
1399747921919234050
1399762760070750210
1399803869866119170
1399864376719462405
1400074805517369349
1400096511141322753
1400135502888570880
1400200338481811460
1400442835325816841
1400473191206854662
1400490041097531393
1400515469837312003
1400547760806498311
1400564393474248708
1400824492142776325
1400841456588312579
1400863862208016389
1400899957842927617
1400915510997393408
1400927842158858241
1401170189815779335
1401235721822916616
1401292014914785291
1401499333497962502
1401555718654791684
1401651913419022336
1401688502803238915
1401893358277124096
1401932952599154694
1401949364529029126
1401978440455176193
1401999552769662979
1402020752690401285
1402284846064582662
1402323895550726147
1402386956751753219
1402409037598167040
1402439827249848321
1402591321848795136
1402626506120171529
1402645677239422981
1402680820045910020
1402733965346328578
1402744803280965633
1402818743777087488
1402981589894717447
1402992079429521419
1403024636443496458
1403039283263553536
1403080797142372354
1403095375255330823
1403109723264610304
1403133407505301505
1403143253340344324
1403153538704945155
1403402411708981251
1403458947223375878
1403527278575984647
1403689910729650177
1403815414501675008
1404168222191067137
1404249156382859276
1404408390080778255
1404451809557626882
1404466842505261061
1404482674950082561
1404506372029485056
1404527326147264513
1404554735840075781
1404564419229724676
1404591986145890305
1404793096223789063
1404812084110663683
1404814859825553417
1404825422852935688
1404865869214359557
1404888275249250316
1404904051863691268
1404922241993908229
1404938016741789701
1404961923918184450
1405131491026391043
1405155129964306433
1405195420503052291
1405209650518278151
1405224857541939217
1405276624807989251
1405286562884063235
1405300404498403328
1405312862596255751
1405491215831818242
1405512488423149573
1405535943256383488
1405546329758175237
1405574782058479624
1405603479524085762
1405647693121216513
1405902163264655364
1405943423203426305
1405963989931085828
1405975822587027458
1405990077562507267
1406040279782596611
1406060160334798856
1406241895353880577
1406303736314662913
1406390066436612099
1406676872637861888
1406779016628117506
1406971438591090694
1407023692455022594
1407040576415993859
1407088966499700739
1407119390047277065
1407302299127631874
1407357746039697408
1407391773324890114
1407410598346903561
1407453463777316864
1407485333873303552
1407493934692159492
1407504517000749056
1407512480188882944
1407531034443407360
1407719270914662402
1407736560376848389
1407783328556752904
1407801281616527369
1408053827954167809
1408064952322068483
1408098194450436100
1408136693132181506
1408152965567877126
1408167696898965504
1408204509659156480
1408219985575661573
1408238368803131392
1408406720112701442
1408430587879297026
1408447272774471682
1408467686359801862
1408493125207793672
1408513132163706880
1408531696413147138
1408546168423002114
1408820699251318787
1408976601786859528
1409179715873632257
1409514010630889478
1409538383500746753
1409573775411195904
1409611546674843652
1409633651583750144
1409871000414654470
1409889481382060041
1409949182643871761
1410054206682275845
1410238397550108676
1410290035556065280
1410345692162314246
1410354456571518977
1410578407491084289
1410611724084862989
1410664339992895489
1410681931822342146
1410703846301646856
1410722540364845057
1410745021154795526
1410764950738505728
1410935379268616199
1410958184789909510
1410981235061571585
1411008013452800010
1411070768654565381
1411433922429341698
1411663220855742465
1411762987870871553
1412041506781794304
1412060075502485505
1412386559681253383
1412430344373030922
1412448284233318409
1412473138969985024
1412507866754387969
1412526231967387658
1412835212745117700
1412872829100494852
1412894972358139905
1413143090387369985
1413171229155119107
1413186373104832514
1413242267087908879
1413253076509728771
1413273019980595204
1413504567434752000
1413528847237197825
1413553732793552897
1413587037106675718
1413644958838427648
1413838736308248584
1413901999507116042
1413930304348303362
1414202652108501002
1414331365739347971
1414395836100866053
1414575633917698048
1414607534393016329
1414626120423591937
1414686184253661184
1414709822126186499
1414962453398626315
1414985192247373848
1415023665599729669
1415087237663019012
1415285709003530246
1415314165879672833
1415327634746134528
1415344140351676418
1415372552822837251
1415382213760372736
1415401043291148289
1415414869109706753
1415436432525643778
1415670855456104457
1415688384543080452
1415710258673111046
1415770536790089728
1415776936559710209
1415798194777300998
1415843914997714947
1416022378442854405
1416078875663245313
1416101400661184512
1416128255221026816
1416436253831090178
1416570666787168257
1416782151241117699
1417126142855766020
1417170478867918849
1417212994703044609
1417233708797599745
1417465637673259011
1417494365124104198
1417505756358787073
1417533302026682374
1417570288536104960
1417595480020770818
1417604441868484608
1417644734210875393
1417832654276333571
1417856872242204676
1417897261183418371
1417914468550447112
1417930103665930241
1417956459921428486
1417975172624265221
1418012924514246656
1418208744597508096
1418224716263870464
1418245356148731913
1418261365102415874
1418298295294779393
1418307839957811205
1418318684825604101
1418367760032174080
1418592094403317763
1418625176091123712
1418648118292361222
1418720196597063685
1418978936684531715
1419039691039465475
1419069885829681152
1419283340805513225
1419312763000786948
1419401803280568321
1419640976474316803
1419683582436683782
1419702778172256257
1419719964257357831
1419735327732867087
1419763595001356293
1419774941776465922
1420024438742036480
1420034352218509316
1420058629462429700
1420078982335242248
1420087233714036739
1420115899961446405
1420115897780482051
1420134401124409348
1420156389226336257
1420383073930252288
1420398661008248833
1420404462842257410
1420423363919495176
1420432780169814016
1420456510929489926
1420465842073055240
1420487007801909250
1420496788616728578
1420508112071675914
1420736029930266626
1420757041258262540
1420764006567059461
1420774064600256512
1420785646868762631
1420797056910778369
1420814978861436930
1420854999559573507
1420866936951422979
1420883082693865472
1420913372212736002
1421123298520408070
1421141630615277576
1421163681249841154
1421213900272545792
1421280451877031944
1421448055312711682
1421485804883304452
1421849566551453697
1421952679878746115
1422224940758077442
1422250513236647945
1422281168582496260
1422300036797501444
1422339428731658241
1422370045435518977
1422571964774948865
1422592146960535556
1422606153033342982
1422638042796412928
1422653923714813955
1422663565517938690
1422728995582451714
1422912768613695489
1422925065373503489
1423017009294479366
1423070961180594179
1423275514094137348
1423290898637631488
1423304709528592395
1423310170000662528
1423320278516617216
1423339266961133573
1423382994862100490
1423398051713069060
1423422205979938822
1423441896710549505
1423647273741955075
1423664441011458049
1423694961296482311
1423709818666225668
1423739879465304065
1423760188012630016
1423782551475400707
1423983620532887554
1424055597306089477
1424379446371434501
1424400015435321352
1424446563326349314
1424473914193989638
1424495997196066822
1424526620073861122
1424741207079542790
1424759174991421443
1424848955976867841
1424882343978881027
1424904491850215429
1424916827621232640
1424925323381157895
1424925325616721944
1425060059055333387
1425095898623889419
1425109842314809344
1425138364861267979
1425174777220771841
1425184929869144067
1425196640684711937
1425196642639155209
1425252157415206912
1425274039518572551
1425293223736619009
1425331920804712452
1425363037188497412
1425372173661786115
1425372511613685761
1425379040400117764
1425391570052845569
1425468935470784515
1425494625620463624
1425509411729166340
1425534929325236225
1425557742228496387
1425858186398023683
1425896396083847178
1425910543374819332
1425948416224419845
1426150343898013697
1426180106867941380
1426213204233887745
1426281151811969035
1426558713599496204
1426679426335612934
1427057890024640515
1427059611346034691
1427059613032226824
1427408878308925445
1427417439818637319
1427642033729007616
1427669281399967744
1427700692030996489
1427738253017354247
1427789439401611265
1427803563300986887
1427813385605877760
1427995632975876102
1428015078750760965
1428136442862129152
1428354878410149892
1428392758927151110
1429885295017840645
1429958116800667648
1429975494569742336
1430175354258395137
1430293856122179596
1430324457042845696
1430334611192754176
1430342160830898177
1430350465745793024
1430541002738110468
1430559595882328066
1430560039002152961
1430593539717615619
1430894666375860224
1431322383403687942
1431352951470272516
1431662185466445827
1432390154497441792
1432758486518145031
1432796835081506818
1432799432047796225
1432819232937500677
1432825776252981256
1432847945314021377
1433048982096433156
1433092403473362953
1433106802963632140
1433133446814175244
1433141355476361218
1433169526523375617
1433173123600429060
1433177997096497153
1433408453893046274
1433456448869216256
1433494020538478600
1433531823318048768
1433539437196099588
1433840190083244050
1433870521729523720
1433899592341495808
1433912939610836992
1433921496116776966
1433927788885680133
1434263562411728896
1434499536223879170
1434515175005212675
1434520153941848071
1434569264158052355
1435267330842537987
1435293568692891661
1435311933318651913
1435313704686456838
1435339589942665218
1435389939206787073
1435402456146583555
1435598843165483009
1435605110638452736
1435617468748271623
1435652464619970563
1435685687597076490
1435689035142402049
1435689038875332616
1435689040305655814
1435689041635250181
1435727458226036741
1436005226167762947
1436063960852312065
1436073174039351304
1436318511907942414
1436327264833183751
1436362533129146370
1436649643555934209
1436696211113840648
1436761507241603080
1437430343599067137
1437546787955527683
1437580694600011776
1437772098475266050
1437780396205355010
1437790308478210058
1437816110200590346
1437868307248472068
1437877514156773378
1437881573546856449
1437890604701257728
1437900491560833036
1437918841854697472
1437966273846161414
1438121848416440322
1438149792933236738
1438172448302714889
1438186951031631882
1438222102688063495
1438315163707453445
1438495418665603076
1438574944510746632
1438604504224645123
1438643378955116547
1438860668791402498
1438866018567327751
1438879908227436560
1438895666978230275
1438922792876093440
1438941071430590466
1438950805697175556
1438976259049103365
1438984813076168705
1438998372497637379
1439046638581035012
1439046642347487233
1439615321250349060
1439666695417876484
1439951085800726528
1440000918951505923
1440031556060401664
1440038266523193350
1440334093569257480
1440352629717041158
1440408261711196165
1440438197322862592
1440458106627002377
1440685706351812612
1440766897713082382
1440785693819559936
1440811693647351816
1440830583890845701
1440846939189174281
1441082898333925376
1441133965092392961
1441135714045808653
1441142073256677379
1441240247900147716
1441461715359748097
1441488304436879367
1441751482269847552
1441802121305722885
1442126792916037635
1442253746080296962
1442481945275994118
1442542926425432070
1442553806596698121
1442644473696165889
1442665947119095809
1442850013311381518
1442867492590952449
1442883518527381507
1442904895711899652
1442934091293204481
1442996341668397063
1443011391598723075
1443202850008481794
1443229931316600834
1443263050115686413
1443293752001372162
1443312051720495106
1443352270758948868
1443372269313560578
1443596288570839045
1443596290626052099
1443608668780564489
1443608965284253707
1443682860226039812
1443713266614784007
1444049916737867778
1444334836978753544
1445068422103044103
1445400155453370382
1445423197642428417
1445455688637902869
1445868986760052737
1445897652306997252
1445898338910425090
1445906967470432256
1446083299919777792
1446137032011624448
1446166578559602691
1446178380932653073
1446188084312395780
1446192425668644873
1446207517571395586
1446294363500318721
1446308654735577096
1446483485179404293
1446559865241997312
1446574897057181701
1446600882808889344
1447972599103897600
1448294162923671559
1448321394132066311
1448383130470174721
1448734351567597572
1449020666108383265
1449038607029784578
1449073335405481984
1449407440391446530
1449422678469795842
1449422681137373185
1449728786057109504
1449810920427991046
1450128278136758272
1450153680393670656
1450161579060862977
1450161580587589634
1450460260477571078
1450469399614345218
1450499658795692041
1450586288613175296
1450654031098044417
1450816724023062531
1450840479793250309
1450858953190125572
1450877257501794306
1450894846982598658
1450920003344154628
1450932382408785922
1450952215544438786
1450964043632611333
1451188309087059968
1451264968364548098
1451298733635870724
1451558458411659269
1451593440622481411
1451638602207830017
1452635370374504451
1452660997911719941
1452728426297712648
1452780512926318594
1453011271066980355
1453017866706505729
1453033985248989202
1453078983059329026
1453344478702424067
1453347448676487170
1453425207205576709
1453442078105559042
1453454758904270861
1453488175620530192
1453496731920830464
1453709594673418244
1453776686521241604
1453778186119131138
1453796205855653889
1453814828280254465
1453835033505157121
1454072612242567168
1454111012215533578
1454144752190988288
1454193322025697288
1454448009807384581
1454492292006490121
1454896203347415041
1455160022283980803
1455286478607618048
1455360432013774850
1455365872751611906
1455562812172947459
1455568477591425040
1455571517786492932
1455590516930842630
1455617002412838917
1455660442211258374
1455660443763085316
1455908071054659584
1455928622976536576
1455948861390921732
1455957011632435211
1456000052925804549
1456007768654192647
1456016825129619459
1456042933401042947
1456053776826183682
1456280794176098313
1456292961852051465
1456308827394039816
1456329145030488080
1456351190246203402
1456423265707069468
1456599627252305929
1456632608805244938
1456657810176024577
1456674420634705924
1456699716851441674
1456716818769498112
1456716816789741571
1456735027052654596
1456745640017514497
1457019879979094023
1457113183441854464
1457132025836679179
1457382079574990856
1457748677146169347
1457768346573840387
1457807415500496899
1457843373197381635
1457867768297136130
1457917716707299332
1458088506153185281
1458139442326093828
1458183289278275585
1458254586272157699
1458464642234294279
1458480733832597511
1458540631131836416
1458570956528566272
1458593625588314118
1458935651777327110
1459178411985932307
1459227403117637639
1459247247841972227
1459280845353615360
1459613453874827272
1459670140224782336
1460284094928064528
1460312183871623169
1460332479382962183
1460361713853808651
1460385129348620293
1460425994280607748
1460631538937249793
1460631540514410503
1460674519501320192
1460684594861256713
1460689628097175554
1460693906039869443
1460697680846413828
1460702966428536832
1460718371352330254
1460813901398949890
1460991114589179907
1461005870066769921
1461081469577744403
1461115579885043712
1461157989688168453
1461343510657961984
1461363500714901511
1461395980889194496
1461423377348972549
1461444163698937860
1461470444201070595
1461493851756105732
1461517363078217728
1461749945980043269
1461787949738205187
1461787948337217537
1461787953173311495
1461815355496706048
1461838230349926403
1461856384723701770
1461870767122128898
1462058552525266952
1462162503480266765
1462216922930495488
1462434816691998725
1462474834147958784
1462492364501626880
1462559557880852480
1462581431893430276
1462807010068606985
1462823454382698496
1462877023928561667
1462909549401329673
1463198486304903174
1463224595289358340
1463244866557812745
1463260177726152711
1463285851190972423
1463293709777317889
1463293710846808068
1463544581845303303
1463561836591210501
1463578417954238473
1463650544036241415
1463682176910860289
1463682175627321352
1463682177770659840
1463877644894806018
1464326149870338053
1464366569576873992
1464673841423306759
1464700687502262273
1464754750914797581
1465037986161119233
1465110263233921032
1465365244688089089
1465383075559485443
1465408147573645323
1465449551238729730
1465702846196682778
1465726790610137098
1465749459724390414
1465763234040922118
1465819955107176454
1465854160272777223
1465873005930819587
1466078986858024961
1466112260770775042
1466129391222759435
1466419079636557831
1466437825382031374
1466465014349500419
1466498180720300033
1466517955391459330
1466544313479933952
1466572307091046400
1466612623168847872
1466612624880144390
1466612628533526531
1466612629799989250
1466612626318839809
1466612631339520000
1466780569283575811
1466792004688429062
1466824795736227842
1466874511236775942
1466922651016912898
1466952287205609472
1466978505254711300
1467213581301293057
1467243289623642114
1467284721407336457
1467312695259115524
1467563878032756737
1467563879668592654
1467591939700764673
1467637826808393735
1467896490798505986
1467926377638895617
1467962111372500997
1468048540186390538
1468249383867236374
1468303244766375936
1468324435522379782
1468360701781549057
1468377826042675203
1468381866386653184
1468615544312152065
1468647917934325767
1468675498834284548
1468690953619873795
1468704439473106947
1468713616320999434
1468713829999820811
1468722810667339793
1468752233865134089
1469023975015686144
1469033262051995660
1469044576606470156
1469054258498752525
1469072798140321798
1469089979951419393
1469322589344514050
1469369472855289856
1469386947210756102
1469402117135814657
1469402118629036039
1469422583019937799
1469498863815999491
1469763736739196932
1470074033744105483
1470133913188188160
1470501791674605568
1470578628324990984
1470771439406100482
1470820828522721284
1470884206893019144
1470902949350195200
1470915105974063107
1470941426347347973
1471168193095942159
1471207486988423171
1471233841524260876
1471250641477586949
1471254546278227972
1471257512217391105
1471262042262671361
1471299988768628739
1471315220471730183
1471480868422230018
1471523240149405701
1471562476101718032
1471585373549645830
1471610071847260166
1471610074133057542
1471637352053415937
1471648086074167296
1471651333266681861
1471872035219554307
1471903527907778561
1471930165315919882
1471948818035920899
1471963242272546819
1471977542122979336
1471993041284177925
1472305668916924418
1472349063219761153
1472637881395068942
1472953225481441288
1472966872836493317
1473002116440592389
1473022464330452995
1473050275049005057
1473050276940681228
1473061671753207811
1473309216651845635
1473409889577979909
1473662678547714054
1473686721330044939
1473724106243776532
1473753998725373954
1473774269939204101
1473814147875975175
1474028649007534080
1474104890666409990
1474119444234477581
1474138266022686723
1474172647588126724
1474391465178669061
1474470351467954183
1474749270288842754
1475181067560800256
1475253231769030661
1475530401850355714
1475584758323294215
1475961057164378114
1476267833470427136
1476344310039781386
1476375732725198848
1476603367929614337
1476697258200649734
